[(1, 2, 3)] 2
[(1, 3, 2), (2, 1, 3)] 3
[(3, 1, 2), (3, 2, 1)] 4
[(2, 3, 1)] 5

[(1, 2, 3, 4)] 3
[(1, 2, 4, 3), (1, 3, 2, 4), (2, 1, 3, 4)] 4
[(1, 4, 2, 3), (1, 4, 3, 2), (2, 1, 4, 3), (3, 1, 2, 4), (3, 2, 1, 4)] 5
[(1, 3, 4, 2), (2, 3, 1, 4), (4, 1, 2, 3), (4, 1, 3, 2), (4, 2, 1, 3), (4, 3, 2, 1)] 6
[(2, 4, 1, 3), (3, 1, 4, 2), (3, 4, 1, 2), (3, 4, 2, 1), (4, 2, 3, 1)] 7
[(2, 3, 4, 1), (3, 2, 4, 1), (4, 3, 1, 2)] 8
[(2, 4, 3, 1)] 9

[(1, 2, 3, 4, 5)] 4
[(1, 2, 3, 5, 4), (1, 2, 4, 3, 5), (1, 3, 2, 4, 5), (2, 1, 3, 4, 5)] 5
[(1, 2, 5, 3, 4), (1, 2, 5, 4, 3), (1, 3, 2, 5, 4), (1, 4, 2, 3, 5), (1, 4, 3, 2, 5), (2, 1, 3, 5, 4), (2, 1, 4, 3, 5), (3, 1, 2, 4, 5), (3, 2, 1, 4, 5)] 6
[(1, 2, 4, 5, 3), (1, 3, 4, 2, 5), (1, 5, 2, 3, 4), (1, 5, 2, 4, 3), (1, 5, 3, 2, 4), (1, 5, 4, 3, 2), (2, 1, 5, 3, 4), (2, 1, 5, 4, 3), (2, 3, 1, 4, 5), (3, 1, 2, 5, 4), (3, 2, 1, 5, 4), (4, 1, 2, 3, 5), (4, 1, 3, 2, 5), (4, 2, 1, 3, 5), (4, 3, 2, 1, 5)] 7
[(1, 3, 5, 2, 4), (1, 4, 2, 5, 3), (1, 4, 5, 2, 3), (1, 4, 5, 3, 2), (1, 5, 3, 4, 2), (2, 1, 4, 5, 3), (2, 3, 1, 5, 4), (2, 4, 1, 3, 5), (3, 1, 4, 2, 5), (3, 4, 1, 2, 5), (3, 4, 2, 1, 5), (4, 2, 3, 1, 5), (5, 1, 2, 3, 4), (5, 1, 2, 4, 3), (5, 1, 3, 2, 4), (5, 1, 4, 3, 2), (5, 2, 1, 3, 4), (5, 2, 1, 4, 3), (5, 3, 2, 1, 4), (5, 4, 3, 2, 1)] 8
[(1, 3, 4, 5, 2), (1, 4, 3, 5, 2), (1, 5, 4, 2, 3), (2, 3, 4, 1, 5), (2, 5, 1, 3, 4), (2, 5, 1, 4, 3), (3, 1, 5, 2, 4), (3, 2, 4, 1, 5), (3, 5, 1, 2, 4), (3, 5, 2, 1, 4), (4, 1, 2, 5, 3), (4, 1, 5, 2, 3), (4, 1, 5, 3, 2), (4, 2, 1, 5, 3), (4, 3, 1, 2, 5), (4, 5, 1, 3, 2), (4, 5, 2, 1, 3), (4, 5, 3, 2, 1), (5, 1, 3, 4, 2), (5, 2, 3, 1, 4), (5, 3, 4, 2, 1), (5, 4, 2, 3, 1)] 9
[(1, 3, 5, 4, 2), (2, 3, 5, 1, 4), (2, 4, 1, 5, 3), (2, 4, 3, 1, 5), (3, 1, 4, 5, 2), (3, 2, 5, 1, 4), (3, 4, 5, 1, 2), (3, 4, 5, 2, 1), (3, 5, 1, 4, 2), (4, 1, 3, 5, 2), (4, 2, 5, 1, 3), (4, 3, 5, 2, 1), (4, 5, 2, 3, 1), (5, 1, 4, 2, 3), (5, 2, 3, 4, 1), (5, 3, 1, 2, 4), (5, 3, 2, 4, 1), (5, 4, 1, 2, 3), (5, 4, 1, 3, 2), (5, 4, 2, 1, 3)] 10
[(2, 3, 4, 5, 1), (2, 5, 3, 1, 4), (2, 5, 4, 1, 3), (3, 1, 5, 4, 2), (3, 4, 1, 5, 2), (3, 4, 2, 5, 1), (3, 5, 4, 1, 2), (3, 5, 4, 2, 1), (4, 2, 3, 5, 1), (4, 3, 1, 5, 2), (4, 3, 2, 5, 1), (4, 3, 5, 1, 2), (4, 5, 1, 2, 3), (5, 2, 4, 1, 3), (5, 2, 4, 3, 1)] 11
[(2, 3, 5, 4, 1), (2, 4, 3, 5, 1), (2, 4, 5, 1, 3), (3, 2, 5, 4, 1), (3, 5, 2, 4, 1), (4, 2, 5, 3, 1), (5, 3, 1, 4, 2), (5, 3, 4, 1, 2), (5, 4, 3, 1, 2)] 12
[(2, 5, 3, 4, 1), (2, 5, 4, 3, 1), (3, 2, 4, 5, 1), (4, 5, 3, 1, 2)] 13
[(2, 4, 5, 3, 1)] 14


[(1, 2, 3, 4, 5, 6)] 5
[(1, 2, 3, 4, 6, 5), (1, 2, 3, 5, 4, 6), (1, 2, 4, 3, 5, 6), (1, 3, 2, 4, 5, 6), (2, 1, 3, 4, 5, 6)] 6
[(1, 2, 3, 6, 4, 5), (1, 2, 3, 6, 5, 4), (1, 2, 4, 3, 6, 5), (1, 2, 5, 3, 4, 6), (1, 2, 5, 4, 3, 6), (1, 3, 2, 4, 6, 5), (1, 3, 2, 5, 4, 6), (1, 4, 2, 3, 5, 6), (1, 4, 3, 2, 5, 6), (2, 1, 3, 4, 6, 5), (2, 1, 3, 5, 4, 6), (2, 1, 4, 3, 5, 6), (3, 1, 2, 4, 5, 6), (3, 2, 1, 4, 5, 6)] 7
[(1, 2, 3, 5, 6, 4), (1, 2, 4, 5, 3, 6), (1, 2, 6, 3, 4, 5), (1, 2, 6, 3, 5, 4), (1, 2, 6, 4, 3, 5), (1, 2, 6, 5, 4, 3), (1, 3, 2, 6, 4, 5), (1, 3, 2, 6, 5, 4), (1, 3, 4, 2, 5, 6), (1, 4, 2, 3, 6, 5), (1, 4, 3, 2, 6, 5), (1, 5, 2, 3, 4, 6), (1, 5, 2, 4, 3, 6), (1, 5, 3, 2, 4, 6), (1, 5, 4, 3, 2, 6), (2, 1, 3, 6, 4, 5), (2, 1, 3, 6, 5, 4), (2, 1, 4, 3, 6, 5), (2, 1, 5, 3, 4, 6), (2, 1, 5, 4, 3, 6), (2, 3, 1, 4, 5, 6), (3, 1, 2, 4, 6, 5), (3, 1, 2, 5, 4, 6), (3, 2, 1, 4, 6, 5), (3, 2, 1, 5, 4, 6), (4, 1, 2, 3, 5, 6), (4, 1, 3, 2, 5, 6), (4, 2, 1, 3, 5, 6), (4, 3, 2, 1, 5, 6)] 8
[(1, 2, 4, 6, 3, 5), (1, 2, 5, 3, 6, 4), (1, 2, 5, 6, 3, 4), (1, 2, 5, 6, 4, 3), (1, 2, 6, 4, 5, 3), (1, 3, 2, 5, 6, 4), (1, 3, 4, 2, 6, 5), (1, 3, 5, 2, 4, 6), (1, 4, 2, 5, 3, 6), (1, 4, 5, 2, 3, 6), (1, 4, 5, 3, 2, 6), (1, 5, 3, 4, 2, 6), (1, 6, 2, 3, 4, 5), (1, 6, 2, 3, 5, 4), (1, 6, 2, 4, 3, 5), (1, 6, 2, 5, 4, 3), (1, 6, 3, 2, 4, 5), (1, 6, 3, 2, 5, 4), (1, 6, 4, 3, 2, 5), (1, 6, 5, 4, 3, 2), (2, 1, 3, 5, 6, 4), (2, 1, 4, 5, 3, 6), (2, 1, 6, 3, 4, 5), (2, 1, 6, 3, 5, 4), (2, 1, 6, 4, 3, 5), (2, 1, 6, 5, 4, 3), (2, 3, 1, 4, 6, 5), (2, 3, 1, 5, 4, 6), (2, 4, 1, 3, 5, 6), (3, 1, 2, 6, 4, 5), (3, 1, 2, 6, 5, 4), (3, 1, 4, 2, 5, 6), (3, 2, 1, 6, 4, 5), (3, 2, 1, 6, 5, 4), (3, 4, 1, 2, 5, 6), (3, 4, 2, 1, 5, 6), (4, 1, 2, 3, 6, 5), (4, 1, 3, 2, 6, 5), (4, 2, 1, 3, 6, 5), (4, 2, 3, 1, 5, 6), (4, 3, 2, 1, 6, 5), (5, 1, 2, 3, 4, 6), (5, 1, 2, 4, 3, 6), (5, 1, 3, 2, 4, 6), (5, 1, 4, 3, 2, 6), (5, 2, 1, 3, 4, 6), (5, 2, 1, 4, 3, 6), (5, 3, 2, 1, 4, 6), (5, 4, 3, 2, 1, 6)] 9
[(1, 2, 4, 5, 6, 3), (1, 2, 5, 4, 6, 3), (1, 2, 6, 5, 3, 4), (1, 3, 4, 5, 2, 6), (1, 3, 6, 2, 4, 5), (1, 3, 6, 2, 5, 4), (1, 4, 2, 6, 3, 5), (1, 4, 3, 5, 2, 6), (1, 4, 6, 2, 3, 5), (1, 4, 6, 3, 2, 5), (1, 5, 2, 3, 6, 4), (1, 5, 2, 6, 3, 4), (1, 5, 2, 6, 4, 3), (1, 5, 3, 2, 6, 4), (1, 5, 4, 2, 3, 6), (1, 5, 6, 2, 4, 3), (1, 5, 6, 3, 2, 4), (1, 5, 6, 4, 3, 2), (1, 6, 2, 4, 5, 3), (1, 6, 3, 4, 2, 5), (1, 6, 4, 5, 3, 2), (1, 6, 5, 3, 4, 2), (2, 1, 4, 6, 3, 5), (2, 1, 5, 3, 6, 4), (2, 1, 5, 6, 3, 4), (2, 1, 5, 6, 4, 3), (2, 1, 6, 4, 5, 3), (2, 3, 1, 6, 4, 5), (2, 3, 1, 6, 5, 4), (2, 3, 4, 1, 5, 6), (2, 4, 1, 3, 6, 5), (2, 5, 1, 3, 4, 6), (2, 5, 1, 4, 3, 6), (3, 1, 2, 5, 6, 4), (3, 1, 4, 2, 6, 5), (3, 1, 5, 2, 4, 6), (3, 2, 1, 5, 6, 4), (3, 2, 4, 1, 5, 6), (3, 4, 1, 2, 6, 5), (3, 4, 2, 1, 6, 5), (3, 5, 1, 2, 4, 6), (3, 5, 2, 1, 4, 6), (4, 1, 2, 5, 3, 6), (4, 1, 5, 2, 3, 6), (4, 1, 5, 3, 2, 6), (4, 2, 1, 5, 3, 6), (4, 2, 3, 1, 6, 5), (4, 3, 1, 2, 5, 6), (4, 5, 1, 3, 2, 6), (4, 5, 2, 1, 3, 6), (4, 5, 3, 2, 1, 6), (5, 1, 3, 4, 2, 6), (5, 2, 3, 1, 4, 6), (5, 3, 4, 2, 1, 6), (5, 4, 2, 3, 1, 6), (6, 1, 2, 3, 4, 5), (6, 1, 2, 3, 5, 4), (6, 1, 2, 4, 3, 5), (6, 1, 2, 5, 4, 3), (6, 1, 3, 2, 4, 5), (6, 1, 3, 2, 5, 4), (6, 1, 4, 3, 2, 5), (6, 1, 5, 4, 3, 2), (6, 2, 1, 3, 4, 5), (6, 2, 1, 3, 5, 4), (6, 2, 1, 4, 3, 5), (6, 2, 1, 5, 4, 3), (6, 3, 2, 1, 4, 5), (6, 3, 2, 1, 5, 4), (6, 4, 3, 2, 1, 5), (6, 5, 4, 3, 2, 1)] 10
[(1, 2, 4, 6, 5, 3), (1, 3, 4, 6, 2, 5), (1, 3, 5, 2, 6, 4), (1, 3, 5, 4, 2, 6), (1, 4, 2, 5, 6, 3), (1, 4, 3, 6, 2, 5), (1, 4, 5, 6, 2, 3), (1, 4, 5, 6, 3, 2), (1, 4, 6, 2, 5, 3), (1, 5, 2, 4, 6, 3), (1, 5, 3, 6, 2, 4), (1, 5, 4, 6, 3, 2), (1, 5, 6, 3, 4, 2), (1, 6, 2, 5, 3, 4), (1, 6, 3, 4, 5, 2), (1, 6, 4, 2, 3, 5), (1, 6, 4, 3, 5, 2), (1, 6, 5, 2, 3, 4), (1, 6, 5, 2, 4, 3), (1, 6, 5, 3, 2, 4), (2, 1, 4, 5, 6, 3), (2, 1, 5, 4, 6, 3), (2, 1, 6, 5, 3, 4), (2, 3, 1, 5, 6, 4), (2, 3, 4, 1, 6, 5), (2, 3, 5, 1, 4, 6), (2, 4, 1, 5, 3, 6), (2, 4, 3, 1, 5, 6), (2, 6, 1, 3, 4, 5), (2, 6, 1, 3, 5, 4), (2, 6, 1, 4, 3, 5), (2, 6, 1, 5, 4, 3), (3, 1, 4, 5, 2, 6), (3, 1, 6, 2, 4, 5), (3, 1, 6, 2, 5, 4), (3, 2, 4, 1, 6, 5), (3, 2, 5, 1, 4, 6), (3, 4, 5, 1, 2, 6), (3, 4, 5, 2, 1, 6), (3, 5, 1, 4, 2, 6), (3, 6, 1, 2, 4, 5), (3, 6, 1, 2, 5, 4), (3, 6, 2, 1, 4, 5), (3, 6, 2, 1, 5, 4), (4, 1, 2, 6, 3, 5), (4, 1, 3, 5, 2, 6), (4, 1, 6, 2, 3, 5), (4, 1, 6, 3, 2, 5), (4, 2, 1, 6, 3, 5), (4, 2, 5, 1, 3, 6), (4, 3, 1, 2, 6, 5), (4, 3, 5, 2, 1, 6), (4, 5, 2, 3, 1, 6), (4, 6, 1, 3, 2, 5), (4, 6, 2, 1, 3, 5), (4, 6, 3, 2, 1, 5), (5, 1, 2, 3, 6, 4), (5, 1, 2, 6, 3, 4), (5, 1, 2, 6, 4, 3), (5, 1, 3, 2, 6, 4), (5, 1, 4, 2, 3, 6), (5, 1, 6, 2, 4, 3), (5, 1, 6, 3, 2, 4), (5, 1, 6, 4, 3, 2), (5, 2, 1, 3, 6, 4), (5, 2, 1, 6, 3, 4), (5, 2, 1, 6, 4, 3), (5, 2, 3, 4, 1, 6), (5, 3, 1, 2, 4, 6), (5, 3, 2, 1, 6, 4), (5, 3, 2, 4, 1, 6), (5, 4, 1, 2, 3, 6), (5, 4, 1, 3, 2, 6), (5, 4, 2, 1, 3, 6), (5, 6, 1, 4, 3, 2), (5, 6, 2, 1, 4, 3), (5, 6, 3, 2, 1, 4), (5, 6, 4, 3, 2, 1), (6, 1, 2, 4, 5, 3), (6, 1, 3, 4, 2, 5), (6, 1, 4, 5, 3, 2), (6, 1, 5, 3, 4, 2), (6, 2, 1, 4, 5, 3), (6, 2, 3, 1, 4, 5), (6, 2, 3, 1, 5, 4), (6, 3, 4, 2, 1, 5), (6, 4, 2, 3, 1, 5), (6, 4, 5, 3, 2, 1), (6, 5, 3, 4, 2, 1), (6, 5, 4, 2, 3, 1)] 11
[(1, 3, 4, 5, 6, 2), (1, 3, 6, 4, 2, 5), (1, 3, 6, 5, 2, 4), (1, 4, 2, 6, 5, 3), (1, 4, 5, 2, 6, 3), (1, 4, 5, 3, 6, 2), (1, 4, 6, 5, 2, 3), (1, 4, 6, 5, 3, 2), (1, 5, 3, 4, 6, 2), (1, 5, 4, 2, 6, 3), (1, 5, 4, 3, 6, 2), (1, 5, 4, 6, 2, 3), (1, 5, 6, 2, 3, 4), (1, 6, 3, 5, 2, 4), (1, 6, 3, 5, 4, 2), (2, 1, 4, 6, 5, 3), (2, 3, 4, 5, 1, 6), (2, 3, 6, 1, 4, 5), (2, 3, 6, 1, 5, 4), (2, 4, 1, 6, 3, 5), (2, 4, 3, 1, 6, 5), (2, 5, 1, 3, 6, 4), (2, 5, 1, 6, 3, 4), (2, 5, 1, 6, 4, 3), (2, 5, 3, 1, 4, 6), (2, 5, 4, 1, 3, 6), (2, 6, 1, 4, 5, 3), (3, 1, 4, 6, 2, 5), (3, 1, 5, 2, 6, 4), (3, 1, 5, 4, 2, 6), (3, 2, 6, 1, 4, 5), (3, 2, 6, 1, 5, 4), (3, 4, 1, 5, 2, 6), (3, 4, 2, 5, 1, 6), (3, 4, 6, 1, 2, 5), (3, 4, 6, 2, 1, 5), (3, 5, 1, 2, 6, 4), (3, 5, 2, 1, 6, 4), (3, 5, 4, 1, 2, 6), (3, 5, 4, 2, 1, 6), (3, 6, 1, 4, 2, 5), (4, 1, 2, 5, 6, 3), (4, 1, 3, 6, 2, 5), (4, 1, 5, 6, 2, 3), (4, 1, 5, 6, 3, 2), (4, 1, 6, 2, 5, 3), (4, 2, 1, 5, 6, 3), (4, 2, 3, 5, 1, 6), (4, 2, 6, 1, 3, 5), (4, 3, 1, 5, 2, 6), (4, 3, 2, 5, 1, 6), (4, 3, 5, 1, 2, 6), (4, 3, 6, 2, 1, 5), (4, 5, 1, 2, 3, 6), (4, 5, 6, 1, 3, 2), (4, 5, 6, 2, 1, 3), (4, 5, 6, 3, 2, 1), (4, 6, 1, 5, 3, 2), (4, 6, 2, 1, 5, 3), (4, 6, 2, 3, 1, 5), (5, 1, 2, 4, 6, 3), (5, 1, 3, 6, 2, 4), (5, 1, 4, 6, 3, 2), (5, 1, 6, 3, 4, 2), (5, 2, 1, 4, 6, 3), (5, 2, 3, 1, 6, 4), (5, 2, 4, 1, 3, 6), (5, 2, 4, 3, 1, 6), (5, 2, 6, 1, 4, 3), (5, 3, 6, 2, 1, 4), (5, 4, 6, 3, 2, 1), (5, 6, 1, 3, 4, 2), (5, 6, 2, 3, 1, 4), (5, 6, 3, 4, 2, 1), (5, 6, 4, 2, 3, 1), (6, 1, 2, 5, 3, 4), (6, 1, 3, 4, 5, 2), (6, 1, 4, 2, 3, 5), (6, 1, 4, 3, 5, 2), (6, 1, 5, 2, 3, 4), (6, 1, 5, 2, 4, 3), (6, 1, 5, 3, 2, 4), (6, 2, 1, 5, 3, 4), (6, 2, 3, 4, 1, 5), (6, 3, 1, 2, 4, 5), (6, 3, 1, 2, 5, 4), (6, 3, 2, 4, 1, 5), (6, 3, 4, 5, 2, 1), (6, 4, 1, 2, 3, 5), (6, 4, 1, 3, 2, 5), (6, 4, 2, 1, 3, 5), (6, 4, 3, 5, 2, 1), (6, 4, 5, 2, 3, 1), (6, 5, 1, 2, 4, 3), (6, 5, 1, 3, 2, 4), (6, 5, 1, 4, 3, 2), (6, 5, 2, 1, 3, 4), (6, 5, 2, 1, 4, 3), (6, 5, 2, 3, 4, 1), (6, 5, 3, 2, 1, 4), (6, 5, 3, 2, 4, 1)] 12
[(1, 3, 4, 6, 5, 2), (1, 3, 5, 4, 6, 2), (1, 3, 5, 6, 2, 4), (1, 4, 3, 6, 5, 2), (1, 4, 6, 3, 5, 2), (1, 5, 3, 6, 4, 2), (1, 6, 4, 2, 5, 3), (1, 6, 4, 5, 2, 3), (1, 6, 5, 4, 2, 3), (2, 3, 4, 6, 1, 5), (2, 3, 5, 1, 6, 4), (2, 3, 5, 4, 1, 6), (2, 4, 1, 5, 6, 3), (2, 4, 3, 5, 1, 6), (2, 4, 5, 1, 3, 6), (2, 5, 1, 4, 6, 3), (2, 6, 1, 5, 3, 4), (2, 6, 3, 1, 4, 5), (2, 6, 3, 1, 5, 4), (2, 6, 4, 1, 3, 5), (2, 6, 5, 1, 4, 3), (3, 1, 4, 5, 6, 2), (3, 1, 6, 4, 2, 5), (3, 1, 6, 5, 2, 4), (3, 2, 5, 1, 6, 4), (3, 2, 5, 4, 1, 6), (3, 4, 1, 6, 2, 5), (3, 4, 2, 6, 1, 5), (3, 4, 5, 6, 1, 2), (3, 4, 5, 6, 2, 1), (3, 5, 1, 6, 2, 4), (3, 5, 2, 4, 1, 6), (3, 5, 6, 1, 4, 2), (3, 6, 1, 4, 5, 2), (3, 6, 4, 1, 2, 5), (3, 6, 4, 2, 1, 5), (3, 6, 5, 1, 2, 4), (3, 6, 5, 2, 1, 4), (4, 1, 2, 6, 5, 3), (4, 1, 5, 2, 6, 3), (4, 1, 5, 3, 6, 2), (4, 1, 6, 5, 2, 3), (4, 1, 6, 5, 3, 2), (4, 2, 1, 6, 5, 3), (4, 2, 3, 6, 1, 5), (4, 2, 5, 3, 1, 6), (4, 2, 6, 1, 5, 3), (4, 3, 1, 6, 2, 5), (4, 3, 2, 6, 1, 5), (4, 3, 6, 1, 2, 5), (4, 5, 1, 6, 3, 2), (4, 5, 2, 1, 6, 3), (4, 5, 2, 6, 1, 3), (4, 5, 3, 6, 2, 1), (4, 5, 6, 2, 3, 1), (4, 6, 1, 2, 3, 5), (4, 6, 1, 3, 5, 2), (4, 6, 5, 1, 3, 2), (4, 6, 5, 2, 1, 3), (4, 6, 5, 3, 2, 1), (5, 1, 3, 4, 6, 2), (5, 1, 4, 2, 6, 3), (5, 1, 4, 3, 6, 2), (5, 1, 4, 6, 2, 3), (5, 1, 6, 2, 3, 4), (5, 2, 3, 6, 1, 4), (5, 3, 1, 2, 6, 4), (5, 3, 1, 4, 2, 6), (5, 3, 2, 6, 1, 4), (5, 3, 4, 1, 2, 6), (5, 3, 4, 6, 2, 1), (5, 4, 1, 6, 2, 3), (5, 4, 1, 6, 3, 2), (5, 4, 2, 1, 6, 3), (5, 4, 3, 1, 2, 6), (5, 4, 3, 6, 2, 1), (5, 4, 6, 1, 3, 2), (5, 4, 6, 2, 1, 3), (5, 4, 6, 2, 3, 1), (5, 6, 1, 2, 3, 4), (5, 6, 1, 2, 4, 3), (5, 6, 1, 3, 2, 4), (5, 6, 2, 1, 3, 4), (5, 6, 2, 3, 4, 1), (5, 6, 3, 2, 4, 1), (6, 1, 3, 5, 2, 4), (6, 1, 3, 5, 4, 2), (6, 2, 3, 4, 5, 1), (6, 2, 4, 1, 3, 5), (6, 2, 4, 3, 1, 5), (6, 2, 5, 1, 3, 4), (6, 2, 5, 1, 4, 3), (6, 3, 4, 2, 5, 1), (6, 3, 5, 2, 1, 4), (6, 3, 5, 4, 2, 1), (6, 4, 1, 2, 5, 3), (6, 4, 2, 3, 5, 1), (6, 4, 3, 2, 5, 1), (6, 5, 1, 3, 4, 2), (6, 5, 2, 3, 1, 4), (6, 5, 2, 4, 3, 1)] 13
[(1, 3, 6, 4, 5, 2), (1, 3, 6, 5, 4, 2), (1, 4, 3, 5, 6, 2), (1, 5, 6, 4, 2, 3), (2, 3, 4, 5, 6, 1), (2, 3, 6, 4, 1, 5), (2, 3, 6, 5, 1, 4), (2, 4, 1, 6, 5, 3), (2, 4, 3, 6, 1, 5), (2, 4, 6, 1, 3, 5), (2, 5, 3, 1, 6, 4), (2, 5, 3, 4, 1, 6), (2, 5, 4, 3, 1, 6), (2, 5, 6, 1, 3, 4), (2, 5, 6, 1, 4, 3), (2, 6, 4, 1, 5, 3), (3, 1, 4, 6, 5, 2), (3, 1, 5, 4, 6, 2), (3, 1, 5, 6, 2, 4), (3, 2, 4, 5, 1, 6), (3, 2, 6, 4, 1, 5), (3, 4, 5, 2, 6, 1), (3, 4, 6, 1, 5, 2), (3, 4, 6, 5, 1, 2), (3, 4, 6, 5, 2, 1), (3, 5, 1, 4, 6, 2), (3, 5, 4, 6, 1, 2), (3, 5, 4, 6, 2, 1), (3, 5, 6, 1, 2, 4), (3, 5, 6, 2, 1, 4), (3, 6, 1, 5, 2, 4), (3, 6, 1, 5, 4, 2), (3, 6, 2, 4, 1, 5), (3, 6, 2, 5, 1, 4), (3, 6, 5, 1, 4, 2), (4, 1, 3, 6, 5, 2), (4, 1, 6, 3, 5, 2), (4, 2, 5, 1, 6, 3), (4, 2, 6, 3, 1, 5), (4, 2, 6, 5, 1, 3), (4, 3, 1, 5, 6, 2), (4, 3, 5, 6, 1, 2), (4, 3, 6, 1, 5, 2), (4, 3, 6, 5, 2, 1), (4, 5, 1, 2, 6, 3), (4, 5, 1, 3, 6, 2), (4, 5, 1, 6, 2, 3), (4, 5, 2, 3, 6, 1), (4, 5, 3, 1, 2, 6), (4, 5, 3, 2, 6, 1), (4, 6, 2, 5, 1, 3), (4, 6, 3, 5, 2, 1), (4, 6, 5, 2, 3, 1), (5, 1, 3, 6, 4, 2), (5, 2, 3, 4, 6, 1), (5, 2, 4, 1, 6, 3), (5, 2, 6, 1, 3, 4), (5, 2, 6, 3, 1, 4), (5, 3, 4, 2, 6, 1), (5, 3, 6, 4, 2, 1), (5, 4, 1, 2, 6, 3), (5, 4, 1, 3, 6, 2), (5, 4, 2, 3, 6, 1), (5, 4, 2, 6, 1, 3), (5, 4, 3, 2, 6, 1), (5, 6, 2, 4, 3, 1), (6, 1, 4, 2, 5, 3), (6, 1, 4, 5, 2, 3), (6, 1, 5, 4, 2, 3), (6, 2, 3, 5, 1, 4), (6, 2, 3, 5, 4, 1), (6, 2, 4, 3, 5, 1), (6, 3, 1, 4, 2, 5), (6, 3, 1, 5, 2, 4), (6, 3, 2, 5, 1, 4), (6, 3, 2, 5, 4, 1), (6, 3, 4, 1, 2, 5), (6, 3, 5, 1, 2, 4), (6, 3, 5, 2, 4, 1), (6, 4, 1, 5, 2, 3), (6, 4, 1, 5, 3, 2), (6, 4, 2, 1, 5, 3), (6, 4, 2, 5, 3, 1), (6, 4, 3, 1, 2, 5), (6, 4, 5, 1, 3, 2), (6, 4, 5, 2, 1, 3), (6, 5, 1, 2, 3, 4), (6, 5, 4, 1, 2, 3), (6, 5, 4, 1, 3, 2), (6, 5, 4, 2, 1, 3)] 14
[(1, 3, 5, 6, 4, 2), (2, 3, 4, 6, 5, 1), (2, 3, 5, 4, 6, 1), (2, 3, 5, 6, 1, 4), (2, 4, 3, 5, 6, 1), (2, 4, 5, 1, 6, 3), (2, 4, 5, 3, 1, 6), (2, 5, 4, 1, 6, 3), (2, 6, 3, 4, 1, 5), (2, 6, 3, 5, 1, 4), (2, 6, 4, 3, 1, 5), (2, 6, 5, 1, 3, 4), (2, 6, 5, 4, 1, 3), (3, 1, 6, 4, 5, 2), (3, 1, 6, 5, 4, 2), (3, 2, 4, 6, 1, 5), (3, 2, 5, 6, 1, 4), (3, 4, 1, 6, 5, 2), (3, 4, 2, 6, 5, 1), (3, 4, 5, 1, 6, 2), (3, 4, 6, 2, 5, 1), (3, 5, 1, 6, 4, 2), (3, 5, 2, 6, 1, 4), (3, 5, 4, 1, 6, 2), (3, 5, 4, 2, 6, 1), (3, 6, 4, 5, 1, 2), (3, 6, 4, 5, 2, 1), (3, 6, 5, 4, 1, 2), (3, 6, 5, 4, 2, 1), (4, 1, 3, 5, 6, 2), (4, 2, 3, 6, 5, 1), (4, 2, 5, 6, 1, 3), (4, 3, 1, 6, 5, 2), (4, 3, 5, 1, 6, 2), (4, 3, 5, 6, 2, 1), (4, 3, 6, 2, 5, 1), (4, 3, 6, 5, 1, 2), (4, 5, 2, 6, 3, 1), (4, 6, 1, 2, 5, 3), (4, 6, 1, 5, 2, 3), (4, 6, 2, 3, 5, 1), (4, 6, 3, 1, 2, 5), (4, 6, 3, 2, 5, 1), (5, 1, 6, 4, 2, 3), (5, 2, 3, 6, 4, 1), (5, 2, 4, 3, 6, 1), (5, 2, 6, 4, 1, 3), (5, 3, 1, 4, 6, 2), (5, 3, 1, 6, 2, 4), (5, 3, 2, 6, 4, 1), (5, 3, 4, 6, 1, 2), (5, 3, 6, 1, 2, 4), (5, 3, 6, 1, 4, 2), (5, 3, 6, 2, 4, 1), (5, 4, 2, 6, 3, 1), (5, 4, 3, 1, 6, 2), (5, 4, 3, 6, 1, 2), (5, 6, 1, 4, 2, 3), (5, 6, 3, 1, 2, 4), (5, 6, 4, 1, 2, 3), (5, 6, 4, 1, 3, 2), (5, 6, 4, 2, 1, 3), (6, 2, 4, 1, 5, 3), (6, 2, 5, 3, 1, 4), (6, 2, 5, 3, 4, 1), (6, 2, 5, 4, 3, 1), (6, 3, 2, 4, 5, 1), (6, 4, 1, 3, 5, 2), (6, 4, 2, 5, 1, 3), (6, 4, 5, 1, 2, 3), (6, 5, 2, 4, 1, 3)] 15
[(2, 3, 6, 4, 5, 1), (2, 3, 6, 5, 4, 1), (2, 4, 3, 6, 5, 1), (2, 4, 6, 1, 5, 3), (2, 4, 6, 3, 1, 5), (2, 5, 3, 4, 6, 1), (2, 5, 3, 6, 1, 4), (2, 5, 4, 3, 6, 1), (2, 5, 6, 3, 1, 4), (2, 5, 6, 4, 1, 3), (2, 6, 4, 5, 1, 3), (3, 1, 5, 6, 4, 2), (3, 2, 6, 5, 1, 4), (3, 2, 6, 5, 4, 1), (3, 4, 1, 5, 6, 2), (3, 4, 2, 5, 6, 1), (3, 5, 2, 6, 4, 1), (3, 5, 6, 4, 1, 2), (3, 5, 6, 4, 2, 1), (3, 6, 4, 1, 5, 2), (3, 6, 4, 2, 5, 1), (3, 6, 5, 2, 4, 1), (4, 2, 3, 5, 6, 1), (4, 2, 6, 3, 5, 1), (4, 3, 2, 5, 6, 1), (4, 3, 5, 2, 6, 1), (4, 5, 3, 1, 6, 2), (4, 5, 3, 6, 1, 2), (4, 5, 6, 1, 2, 3), (4, 6, 2, 5, 3, 1), (5, 2, 6, 3, 4, 1), (5, 2, 6, 4, 3, 1), (5, 3, 2, 4, 6, 1), (5, 4, 6, 1, 2, 3), (5, 6, 2, 4, 1, 3), (6, 2, 4, 5, 1, 3), (6, 2, 4, 5, 3, 1), (6, 2, 5, 4, 1, 3), (6, 3, 1, 4, 5, 2), (6, 3, 1, 5, 4, 2), (6, 3, 4, 1, 5, 2), (6, 3, 4, 5, 1, 2), (6, 3, 5, 1, 4, 2), (6, 3, 5, 4, 1, 2), (6, 4, 3, 1, 5, 2), (6, 4, 3, 5, 1, 2), (6, 5, 1, 4, 2, 3), (6, 5, 3, 1, 2, 4), (6, 5, 4, 3, 1, 2)] 16
[(2, 3, 5, 6, 4, 1), (2, 4, 5, 3, 6, 1), (2, 4, 5, 6, 1, 3), (2, 5, 4, 6, 1, 3), (2, 6, 3, 4, 5, 1), (2, 6, 3, 5, 4, 1), (2, 6, 4, 3, 5, 1), (2, 6, 5, 3, 1, 4), (2, 6, 5, 4, 3, 1), (3, 2, 5, 6, 4, 1), (3, 2, 6, 4, 5, 1), (3, 5, 6, 2, 4, 1), (3, 6, 2, 4, 5, 1), (3, 6, 2, 5, 4, 1), (4, 2, 5, 3, 6, 1), (4, 2, 5, 6, 3, 1), (4, 3, 2, 6, 5, 1), (4, 6, 3, 1, 5, 2), (4, 6, 3, 5, 1, 2), (4, 6, 5, 1, 2, 3), (5, 2, 4, 6, 1, 3), (5, 2, 4, 6, 3, 1), (5, 3, 1, 6, 4, 2), (5, 3, 4, 1, 6, 2), (5, 3, 6, 4, 1, 2), (5, 6, 3, 1, 4, 2), (5, 6, 3, 4, 1, 2), (5, 6, 4, 3, 1, 2), (6, 4, 5, 3, 1, 2)] 17
[(2, 4, 6, 3, 5, 1), (2, 4, 6, 5, 1, 3), (2, 5, 3, 6, 4, 1), (2, 5, 6, 3, 4, 1), (2, 5, 6, 4, 3, 1), (2, 6, 4, 5, 3, 1), (3, 2, 4, 5, 6, 1), (3, 2, 5, 4, 6, 1), (3, 5, 2, 4, 6, 1), (4, 2, 6, 5, 3, 1), (4, 5, 6, 3, 1, 2), (5, 4, 6, 3, 1, 2), (6, 5, 3, 1, 4, 2), (6, 5, 3, 4, 1, 2)] 18
[(2, 4, 5, 6, 3, 1), (2, 5, 4, 6, 3, 1), (2, 6, 5, 3, 4, 1), (3, 2, 4, 6, 5, 1), (4, 6, 5, 3, 1, 2)] 19
[(2, 4, 6, 5, 3, 1)] 20
